// const
        unsigned long ulMapROCKY_CCM_KCMY[ 9 * 9 * 9 ]=
        { 
                255, 2105567, 4210879, 6316191, 8355712, 10461024, 12566336, 14671648, 16776960, 536879327, 8415, 2113727, 4219039, 6258560, 8363872, 10469184, 12574496, 14679808, 
                1073758399, 536887487, 16575, 2121887, 4161408, 6266720, 8372032, 10477344, 12582656, 1610637471, 1073766559, 536895647, 24735, 2064256, 4169568, 6274880, 8380192, 10485504, 
                2130739072, 1593868160, 1056997248, 520126336, 32640, 2137952, 4243264, 6348576, 8453888, 2667618144, 2130747232, 1593876320, 1057005408, 536911712, 40800, 2146112, 4251424, 6356736, 
                3204497216, 2667626304, 2130755392, 1593884480, 1073790784, 536919872, 48960, 2154272, 4259584, 3741376288, 3204505376, 2667634464, 2130763552, 1610669856, 1073798944, 536928032, 57120, 2162432, 
                4278255360, 3741384448, 3204513536, 2667642624, 2147548928, 1610678016, 1073807104, 536936192, 65280, 538968287, 2097375, 4202687, 6307999, 8347520, 10452832, 12558144, 14663456, 16768768, 
                536871135, 223, 2105535, 4210847, 6250368, 8355680, 10460992, 12566304, 14671616, 1073750207, 536879295, 8383, 2113695, 4153216, 6258528, 8363840, 10469152, 12574464, 
                1610629279, 1073758367, 536887455, 16543, 2056064, 4161376, 6266688, 8372000, 10477312, 2130730880, 1593859968, 1056989056, 520118144, 24448, 2129760, 4235072, 6340384, 8445696, 
                2667609952, 2130739040, 1593868128, 1056997216, 536903520, 32608, 2137920, 4243232, 6348544, 3204489024, 2667618112, 2130747200, 1593876288, 1073782592, 536911680, 40768, 2146080, 4251392, 
                3741368096, 3204497184, 2667626272, 2130755360, 1610661664, 1073790752, 536919840, 48928, 2154240, 4278247168, 3741376256, 3204505344, 2667634432, 2147540736, 1610669824, 1073798912, 536928000, 57088, 
                1077936319, 541065407, 4194495, 6299807, 8339328, 10444640, 12549952, 14655264, 16760576, 1075839167, 538968255, 2097343, 4202655, 6242176, 8347488, 10452800, 12558112, 14663424, 
                1073742015, 536871103, 191, 2105503, 4145024, 6250336, 8355648, 10460960, 12566272, 1610621087, 1073750175, 536879263, 8351, 2047872, 4153184, 6258496, 8363808, 10469120, 
                2130722688, 1593851776, 1056980864, 520109952, 16256, 2121568, 4226880, 6332192, 8437504, 2667601760, 2130730848, 1593859936, 1056989024, 536895328, 24416, 2129728, 4235040, 6340352, 
                3204480832, 2667609920, 2130739008, 1593868096, 1073774400, 536903488, 32576, 2137888, 4243200, 3741359904, 3204488992, 2667618080, 2130747168, 1610653472, 1073782560, 536911648, 40736, 2146048, 
                4278238976, 3741368064, 3204497152, 2667626240, 2147532544, 1610661632, 1073790720, 536919808, 48896, 1616904351, 1080033439, 543162527, 6291615, 8331136, 10436448, 12541760, 14647072, 16752384, 
                1614807199, 1077936287, 541065375, 4194463, 6233984, 8339296, 10444608, 12549920, 14655232, 1612710047, 1075839135, 538968223, 2097311, 4136832, 6242144, 8347456, 10452768, 12558080, 
                1610612895, 1073741983, 536871071, 159, 2039680, 4144992, 6250304, 8355616, 10460928, 2130714496, 1593843584, 1056972672, 520101760, 8064, 2113376, 4218688, 6324000, 8429312, 
                2667593568, 2130722656, 1593851744, 1056980832, 536887136, 16224, 2121536, 4226848, 6332160, 3204472640, 2667601728, 2130730816, 1593859904, 1073766208, 536895296, 24384, 2129696, 4235008, 
                3741351712, 3204480800, 2667609888, 2130738976, 1610645280, 1073774368, 536903456, 32544, 2137856, 4278230784, 3741359872, 3204488960, 2667618048, 2147524352, 1610653440, 1073782528, 536911616, 40704, 
                2139029632, 1602158720, 1065287808, 528416896, 8323200, 10428512, 12533824, 14639136, 16744448, 2136932480, 1600061568, 1063190656, 526319744, 6226048, 8331360, 10436672, 12541984, 14647296, 
                2134835328, 1597964416, 1061093504, 524222592, 4128896, 6234208, 8339520, 10444832, 12550144, 2132738176, 1595867264, 1058996352, 522125440, 2031744, 4137056, 6242368, 8347680, 10452992, 
                2130706560, 1593835648, 1056964736, 520093824, 128, 2105440, 4210752, 6316064, 8421376, 2667585632, 2130714720, 1593843808, 1056972896, 536879200, 8288, 2113600, 4218912, 6324224, 
                3204464704, 2667593792, 2130722880, 1593851968, 1073758272, 536887360, 16448, 2121760, 4227072, 3741343776, 3204472864, 2667601952, 2130731040, 1610637344, 1073766432, 536895520, 24608, 2129920, 
                4278222848, 3741351936, 3204481024, 2667610112, 2147516416, 1610645504, 1073774592, 536903680, 32768, 2677997664, 2141126752, 1604255840, 1067384928, 547291232, 10420320, 12525632, 14630944, 16736256, 
                2675900512, 2139029600, 1602158688, 1065287776, 545194080, 8323168, 10428480, 12533792, 14639104, 2673803360, 2136932448, 1600061536, 1063190624, 543096928, 6226016, 8331328, 10436640, 12541952, 
                2671706208, 2134835296, 1597964384, 1061093472, 540999776, 4128864, 6234176, 8339488, 10444800, 2669674592, 2132803680, 1595932768, 1059061856, 538968160, 2097248, 4202560, 6307872, 8413184, 
                2667577440, 2130706528, 1593835616, 1056964704, 536871008, 96, 2105408, 4210720, 6316032, 3204456512, 2667585600, 2130714688, 1593843776, 1073750080, 536879168, 8256, 2113568, 4218880, 
                3741335584, 3204464672, 2667593760, 2130722848, 1610629152, 1073758240, 536887328, 16416, 2121728, 4278214656, 3741343744, 3204472832, 2667601920, 2147508224, 1610637312, 1073766400, 536895488, 24576, 
                3216965696, 2680094784, 2143223872, 1606352960, 1086259264, 549388352, 12517440, 14622752, 16728064, 3214868544, 2677997632, 2141126720, 1604255808, 1084162112, 547291200, 10420288, 12525600, 14630912, 
                3212771392, 2675900480, 2139029568, 1602158656, 1082064960, 545194048, 8323136, 10428448, 12533760, 3210674240, 2673803328, 2136932416, 1600061504, 1079967808, 543096896, 6225984, 8331296, 10436608, 
                3208642624, 2671771712, 2134900800, 1598029888, 1077936192, 541065280, 4194368, 6299680, 8404992, 3206545472, 2669674560, 2132803648, 1595932736, 1075839040, 538968128, 2097216, 4202528, 6307840, 
                3204448320, 2667577408, 2130706496, 1593835584, 1073741888, 536870976, 64, 2105376, 4210688, 3741327392, 3204456480, 2667585568, 2130714656, 1610620960, 1073750048, 536879136, 8224, 2113536, 
                4278206464, 3741335552, 3204464640, 2667593728, 2147500032, 1610629120, 1073758208, 536887296, 16384, 3755933728, 3219062816, 2682191904, 2145320992, 1625227296, 1088356384, 551485472, 14614560, 16719872, 
                3753836576, 3216965664, 2680094752, 2143223840, 1623130144, 1086259232, 549388320, 12517408, 14622720, 3751739424, 3214868512, 2677997600, 2141126688, 1621032992, 1084162080, 547291168, 10420256, 12525568, 
                3749642272, 3212771360, 2675900448, 2139029536, 1618935840, 1082064928, 545194016, 8323104, 10428416, 3747610656, 3210739744, 2673868832, 2136997920, 1616904224, 1080033312, 543162400, 6291488, 8396800, 
                3745513504, 3208642592, 2671771680, 2134900768, 1614807072, 1077936160, 541065248, 4194336, 6299648, 3743416352, 3206545440, 2669674528, 2132803616, 1612709920, 1075839008, 538968096, 2097184, 4202496, 
                3741319200, 3204448288, 2667577376, 2130706464, 1610612768, 1073741856, 536870944, 32, 2105344, 4278198272, 3741327360, 3204456448, 2667585536, 2147491840, 1610620928, 1073750016, 536879104, 8192, 
                4294901760, 3758030848, 3221159936, 2684289024, 2164195328, 1627324416, 1090453504, 553582592, 16711680, 4292804608, 3755933696, 3219062784, 2682191872, 2162098176, 1625227264, 1088356352, 551485440, 14614528, 
                4290707456, 3753836544, 3216965632, 2680094720, 2160001024, 1623130112, 1086259200, 549388288, 12517376, 4288610304, 3751739392, 3214868480, 2677997568, 2157903872, 1621032960, 1084162048, 547291136, 10420224, 
                4286578688, 3749707776, 3212836864, 2675965952, 2155872256, 1619001344, 1082130432, 545259520, 8388608, 4284481536, 3747610624, 3210739712, 2673868800, 2153775104, 1616904192, 1080033280, 543162368, 6291456, 
                4282384384, 3745513472, 3208642560, 2671771648, 2151677952, 1614807040, 1077936128, 541065216, 4194304, 4280287232, 3743416320, 3206545408, 2669674496, 2149580800, 1612709888, 1075838976, 538968064, 2097152, 
                4278190080, 3741319168, 3204448256, 2667577344, 2147483648, 1610612736, 1073741824, 536870912, 0
        };

