

HierProf hierachical profiling output follows:
----------------------------------------------

HierProf version:             334
Number of functions:          6
Number of different nestings: 6
Maximum nesting reached:      4

Frequency of timer:           2000000

All times are in seconds, and are corrected for the
time spent inside HierProf functions.


     Nesting                                                                                Num calls   Average t     Total t       Min t       Max t   Std-dev t  Machine: n, ticks, ticks^2, min, max, nest
-------------------------------------------------------------------------------------------------------------------------------------------------------------------------------------------------------------


   1   Outermost loop                                                   1 Outermost loop          1     54.397 ms   54.397 ms   54.397 ms   54.397 ms        0     ## 1 0x1a8fa 0x2 0xc17d1424 0x1a8fa 0x1a8fa :1
   2    `--  60.26% FunctionC                                           2 FunctionC               1     32.780 ms   32.780 ms   32.780 ms   32.780 ms        0     ## 1 0x10018 0x1 0x300240 0x10018 0x10018 :1:2
   3          3.63%  |--   6.03% NullFunction                           3 NullFunction         5000      0.395 us    1.975 ms   -1.000 us  194.000 us    4.855 us  ## 5000 0xf6f 0x0 0x73d99 0xfffffffe 0x184 :1:2:3
   4         17.50%  |--  29.04% FunctionA                              4 FunctionA            5000      1.904 us    9.519 ms   -1.000 us  331.000 us    8.675 us  ## 5000 0x4a5e 0x0 0x181218 0xfffffffe 0x296 :1:2:4
   5          5.39%  |     8.94%  `--  30.79% FunctionD                 5 FunctionD           10000      0.293 us    2.930 ms   -1.000 us  184.500 us    2.353 us  ## 10000 0x16e5 0x0 0x36ee1 0xfffffffe 0x171 :1:2:4:5
   6         23.77%  `--  39.45% FunctionB                              6 FunctionB            5000      2.586 us   12.932 ms    1.000 us  225.000 us    4.382 us  ## 5000 0x6508 0x0 0x7e6ee 0x2 0x1c2 :1:2:6



Individual-function profiling:



Ordered by function-name:
            Name                 Num calls   Average t     Total t       Min t       Max t   Std-dev t
------------------------------------------------------------------------------------------------------
         4  FunctionA               5000      1.904 us    9.519 ms   -1.000 us  331.000 us    8.675 us
         6  FunctionB               5000      2.586 us   12.932 ms    1.000 us  225.000 us    4.382 us
         2  FunctionC                  1     32.780 ms   32.780 ms   32.780 ms   32.780 ms        0   
         5  FunctionD              10000      0.293 us    2.930 ms   -1.000 us  184.500 us    2.353 us
         3  NullFunction            5000      0.395 us    1.975 ms   -1.000 us  194.000 us    4.855 us
         1  Outermost loop             1     54.397 ms   54.397 ms   54.397 ms   54.397 ms        0   


Ordered by total time:
            Name                 Num calls   Average t     Total t       Min t       Max t   Std-dev t
------------------------------------------------------------------------------------------------------
         1  Outermost loop             1     54.397 ms   54.397 ms   54.397 ms   54.397 ms        0   
         2  FunctionC                  1     32.780 ms   32.780 ms   32.780 ms   32.780 ms        0   
         6  FunctionB               5000      2.586 us   12.932 ms    1.000 us  225.000 us    4.382 us
         4  FunctionA               5000      1.904 us    9.519 ms   -1.000 us  331.000 us    8.675 us
         5  FunctionD              10000      0.293 us    2.930 ms   -1.000 us  184.500 us    2.353 us
         3  NullFunction            5000      0.395 us    1.975 ms   -1.000 us  194.000 us    4.855 us


Ordered by average time:
            Name                 Num calls   Average t     Total t       Min t       Max t   Std-dev t
------------------------------------------------------------------------------------------------------
         1  Outermost loop             1     54.397 ms   54.397 ms   54.397 ms   54.397 ms        0   
         2  FunctionC                  1     32.780 ms   32.780 ms   32.780 ms   32.780 ms        0   
         6  FunctionB               5000      2.586 us   12.932 ms    1.000 us  225.000 us    4.382 us
         4  FunctionA               5000      1.904 us    9.519 ms   -1.000 us  331.000 us    8.675 us
         3  NullFunction            5000      0.395 us    1.975 ms   -1.000 us  194.000 us    4.855 us
         5  FunctionD              10000      0.293 us    2.930 ms   -1.000 us  184.500 us    2.353 us


End of HierProf output
Total time spent by program (including HierProf code) according to clock() was 0.6 seconds
Correction A: Lost time (with effectively a stopped clock while in HierProf code) is 1030003 ticks (0.51373 s)
Correction B: Time to read the clock is 5 ticks (2.5 us)
Was using HierProf's Timer1 clock, with CLOCKS_PER_SEC=2000000
