

HierProf hierachical profiling output follows:
----------------------------------------------

HierProf version:             334
Number of functions:          7
Number of different nestings: 7
Maximum nesting reached:      5

Frequency of timer:           2000000

All times are in seconds, and are corrected for the
time spent inside HierProf functions.


     Nesting                                                                                             Num calls   Average t     Total t       Min t       Max t   Std-dev t  Machine: n, ticks, ticks^2, min, max, nest
--------------------------------------------------------------------------------------------------------------------------------------------------------------------------------------------------------------------------


   1   Outermost loop                                                                1 Outermost loop          1     18.565 ms   18.565 ms   18.565 ms   18.565 ms        0     ## 1 0x910b 0x0 0x522d7679 0x910b 0x910b :1
   2    `--  94.03% main                                                             2 main                    1     17.456 ms   17.456 ms   17.456 ms   17.456 ms        0     ## 1 0x8861 0x0 0x48a734c1 0x8861 0x8861 :1:2
   3         91.34%  `--  97.14% FunctionC                                           3 FunctionC               1     16.958 ms   16.958 ms   16.958 ms   16.958 ms        0     ## 1 0x847c 0x0 0x44901c10 0x847c 0x847c :1:2:3
   4          1.35%        1.43%  |--   1.48% NullFunction                           4 NullFunction         5000      0.050 us  250.500 us   -1.000 us  318.000 us    5.099 us  ## 5000 0x1f5 0x0 0x7ef0b 0xfffffffe 0x27c :1:2:3:4
   5         10.41%       11.08%  |--  11.40% FunctionA                              5 FunctionA            5000      0.387 us    1.933 ms   -2.000 us  242.000 us    8.150 us  ## 5000 0xf1b 0x0 0x14516f 0xfffffffc 0x1e4 :1:2:3:5
   6          0.89%        0.95%  |     0.98%  `--   8.56% FunctionD                 6 FunctionD           10000      0.017 us  165.500 us   -1.500 us  241.000 us    4.052 us  ## 10000 0x14b 0x0 0xa056b 0xfffffffd 0x1e2 :1:2:3:5:6
   7         58.90%       62.64%  `--  64.49% FunctionB                              7 FunctionB            5000      2.187 us   10.936 ms    0.500 us  203.000 us    4.737 us  ## 5000 0x556f 0x0 0x84edd 0x1 0x196 :1:2:3:7



Individual-function profiling:



Ordered by function-name:
            Name                 Num calls   Average t     Total t       Min t       Max t   Std-dev t
------------------------------------------------------------------------------------------------------
         5  FunctionA               5000      0.387 us    1.933 ms   -2.000 us  242.000 us    8.150 us
         7  FunctionB               5000      2.187 us   10.936 ms    0.500 us  203.000 us    4.737 us
         3  FunctionC                  1     16.958 ms   16.958 ms   16.958 ms   16.958 ms        0   
         6  FunctionD              10000      0.017 us  165.500 us   -1.500 us  241.000 us    4.052 us
         4  NullFunction            5000      0.050 us  250.500 us   -1.000 us  318.000 us    5.099 us
         1  Outermost loop             1     18.565 ms   18.565 ms   18.565 ms   18.565 ms        0   
         2  main                       1     17.456 ms   17.456 ms   17.456 ms   17.456 ms        0   


Ordered by total time:
            Name                 Num calls   Average t     Total t       Min t       Max t   Std-dev t
------------------------------------------------------------------------------------------------------
         1  Outermost loop             1     18.565 ms   18.565 ms   18.565 ms   18.565 ms        0   
         2  main                       1     17.456 ms   17.456 ms   17.456 ms   17.456 ms        0   
         3  FunctionC                  1     16.958 ms   16.958 ms   16.958 ms   16.958 ms        0   
         7  FunctionB               5000      2.187 us   10.936 ms    0.500 us  203.000 us    4.737 us
         5  FunctionA               5000      0.387 us    1.933 ms   -2.000 us  242.000 us    8.150 us
         4  NullFunction            5000      0.050 us  250.500 us   -1.000 us  318.000 us    5.099 us
         6  FunctionD              10000      0.017 us  165.500 us   -1.500 us  241.000 us    4.052 us


Ordered by average time:
            Name                 Num calls   Average t     Total t       Min t       Max t   Std-dev t
------------------------------------------------------------------------------------------------------
         1  Outermost loop             1     18.565 ms   18.565 ms   18.565 ms   18.565 ms        0   
         2  main                       1     17.456 ms   17.456 ms   17.456 ms   17.456 ms        0   
         3  FunctionC                  1     16.958 ms   16.958 ms   16.958 ms   16.958 ms        0   
         7  FunctionB               5000      2.187 us   10.936 ms    0.500 us  203.000 us    4.737 us
         5  FunctionA               5000      0.387 us    1.933 ms   -2.000 us  242.000 us    8.150 us
         4  NullFunction            5000      0.050 us  250.500 us   -1.000 us  318.000 us    5.099 us
         6  FunctionD              10000      0.017 us  165.500 us   -1.500 us  241.000 us    4.052 us


End of HierProf output
Total time spent by program (including HierProf code) according to clock() was 0.58 seconds
Correction A: Lost time (with effectively a stopped clock while in HierProf code) is 1039587 ticks (0.518802 s)
Correction B: Time to read the clock is 5 ticks (2.5 us)
Was using HierProf's Timer1 clock, with CLOCKS_PER_SEC=2000000
